Первая матрица:
[[0.99723661]]
Вторая матрица:
[[0.88034735]]
Время выполнения:
0:00:00.000516

Первая матрица:
[[0.81341363 0.10550463 0.40649513 0.6216982 ]
 [0.06470945 0.38938988 0.23262742 0.14549263]
 [0.49627405 0.64718669 0.20727327 0.33568466]]
Вторая матрица:
[[0.65430665 0.49127171]
 [0.01996407 0.98658946]
 [0.57340269 0.80823607]
 [0.3638148  0.00745364]]
Время выполнения:
0:00:00.000853

Первая матрица:
[[0.08825892 0.4814757  0.20535382 0.93778647 0.73736953]
 [0.65883709 0.34256105 0.56965732 0.39026513 0.52157831]
 [0.45735112 0.38714107 0.91979664 0.0449968  0.54402837]
 [0.49711886 0.52594667 0.26964555 0.09217252 0.063427  ]
 [0.06037135 0.78835572 0.39186965 0.14716438 0.30509714]]
Вторая матрица:
[[0.76327476 0.76853797]
 [0.6701295  0.81392905]
 [0.91647053 0.385775  ]
 [0.04193099 0.80237357]
 [0.59933116 0.29780602]]
Время выполнения:
0:00:00.001077

Первая матрица:
[[0.08215724 0.88468963]
 [0.81278437 0.05582661]
 [0.8343687  0.08979979]
 [0.41539938 0.16916519]
 [0.17812858 0.56603262]
 [0.51862907 0.90115554]
 [0.44958496 0.32280573]]
Вторая матрица:
[[0.27238588 0.13397044 0.56859431 0.65464759 0.17744994 0.25700611
  0.86800303]
 [0.01344229 0.39414112 0.05208422 0.43199881 0.21978076 0.53253948
  0.65131123]]
Время выполнения:
0:00:00.001438

Первая матрица:
[[0.32305847 0.6289936  0.68546876 0.72533521 0.16745077]
 [0.44608035 0.71755671 0.68298581 0.45637434 0.81936346]
 [0.08260585 0.09207172 0.00720336 0.8291448  0.4333376 ]]
Вторая матрица:
[[0.90904451 0.16691604 0.34326404 0.06508714 0.89066071 0.62274718
  0.49085522 0.95673325]
 [0.60923091 0.09796321 0.31661274 0.30439939 0.10638823 0.23405638
  0.34669845 0.6413557 ]
 [0.09183541 0.53066245 0.42005125 0.00655087 0.48866439 0.63389249
  0.14185027 0.2911777 ]
 [0.64459248 0.44517431 0.71018353 0.35726635 0.40327876 0.36995709
  0.40085658 0.24927768]
 [0.97995069 0.01998399 0.18272542 0.17770638 0.95840099 0.81696722
  0.46164537 0.62479429]]
Время выполнения:
0:00:00.001352

Первая матрица:
[[0.41520835 0.25363144 0.65019346 0.04401504 0.8823281  0.37402817
  0.68650844 0.75711268 0.918167   0.7182086 ]
 [0.84423463 0.988413   0.09402501 0.8249538  0.01795984 0.20839886
  0.2333037  0.67624674 0.27050237 0.51769757]
 [0.76713928 0.65586134 0.34577961 0.98240583 0.86157683 0.57545595
  0.75309881 0.13578036 0.51132195 0.79425349]
 [0.34159476 0.94299739 0.6959529  0.75463243 0.72288707 0.62752577
  0.1529491  0.93907068 0.28032708 0.67624266]
 [0.19050016 0.54624434 0.88391443 0.46972674 0.58878441 0.92778202
  0.62771524 0.46080847 0.96053177 0.41722984]
 [0.69760766 0.00166568 0.94738552 0.32730633 0.96329064 0.91602433
  0.19877267 0.57566024 0.92349776 0.49253967]
 [0.82722987 0.09552497 0.10427293 0.93662889 0.40494111 0.66016759
  0.1978304  0.45691936 0.13183696 0.51456794]
 [0.77126508 0.41999308 0.99373829 0.55777742 0.01639558 0.3394315
  0.93132653 0.98824201 0.19031246 0.62027539]
 [0.86305582 0.39668838 0.34481001 0.93319139 0.49821407 0.39238805
  0.38396937 0.86920545 0.52960423 0.42633574]
 [0.25380817 0.22801886 0.39438817 0.4524217  0.07595653 0.22590316
  0.22548745 0.5784795  0.61323034 0.51123806]]
Вторая матрица:
[[0.91507648 0.69242476 0.38553759 0.81768524 0.57301862 0.49536266
  0.36847177 0.8536175  0.64037349 0.0382118 ]
 [0.53400123 0.00840533 0.36493693 0.76993178 0.02903227 0.69092608
  0.0690929  0.96485361 0.01489507 0.93034332]
 [0.76981717 0.16845766 0.93428814 0.80700829 0.1707324  0.74649342
  0.99838159 0.43366367 0.21087937 0.18026518]
 [0.16683942 0.63078961 0.54033828 0.58869541 0.27250398 0.43104285
  0.58333089 0.63799637 0.00816278 0.36365949]
 [0.28640434 0.41443426 0.41741727 0.93093043 0.53045358 0.08924045
  0.8929289  0.84939823 0.4880794  0.23502269]
 [0.95142201 0.78916714 0.52089948 0.98165225 0.12305662 0.74048446
  0.78323713 0.3621026  0.92724684 0.35257836]
 [0.30975933 0.89384577 0.08214451 0.30817991 0.16378978 0.34857192
  0.00331621 0.59124526 0.84292559 0.11682151]
 [0.58184014 0.22254056 0.83125798 0.44354733 0.95645895 0.81148642
  0.49146897 0.73080262 0.57840189 0.78985188]
 [0.62378353 0.64492214 0.76544061 0.52318692 0.73861291 0.46273143
  0.85760323 0.97759334 0.60366473 0.43293066]
 [0.12613519 0.01853912 0.51379818 0.43561926 0.82066323 0.61081616
  0.62518077 0.64242768 0.07661178 0.4577101 ]]
Время выполнения:
0:00:00.004253

Первая матрица:
[[7.81080860e-01 3.75181376e-01 1.80710757e-01 6.89760758e-01
  8.26825470e-01 5.32109141e-01 5.38327790e-01 4.19182149e-01
  5.18027317e-02 9.98127858e-02 6.32105747e-01 4.41870796e-01
  1.53773100e-01 6.71203435e-01 4.31370303e-01 6.84923482e-01
  3.21763928e-01 1.84245190e-01 5.37578962e-01 9.59828217e-01]
 [4.13756801e-01 4.45594930e-01 1.95300300e-01 8.29024200e-01
  5.77036626e-01 6.25627192e-02 5.12811570e-01 7.07807202e-01
  3.84702298e-01 6.51823715e-01 5.24301893e-01 2.90934136e-01
  6.55802030e-02 7.29357035e-01 3.26785689e-01 5.64619210e-01
  2.74772124e-03 8.86305269e-02 5.44491947e-01 4.80922374e-01]
 [7.53615038e-01 1.91945647e-01 1.60034315e-01 4.87168076e-02
  1.01657530e-01 1.56096770e-01 8.83678220e-01 4.70144283e-01
  6.85718267e-01 3.92899758e-01 3.85869076e-01 3.21952786e-01
  4.22360545e-01 7.51118224e-01 9.97888246e-01 7.85397383e-01
  4.69699003e-01 2.94274683e-01 7.18801876e-01 9.24780810e-01]
 [1.39526855e-01 2.53478621e-01 5.15281818e-01 6.73856672e-01
  4.45496789e-01 4.80199978e-01 4.57591776e-01 4.85894244e-01
  5.51154401e-01 7.03087456e-01 4.29568197e-01 8.70641966e-01
  9.27944797e-02 4.46730297e-01 6.20576621e-01 8.94932155e-01
  8.03142105e-01 9.88020180e-01 3.67860802e-02 9.29089181e-01]
 [7.07975977e-01 6.55538528e-01 6.92449940e-03 7.01455745e-01
  2.24508657e-01 5.19337025e-01 1.73363437e-01 3.59339484e-01
  1.57623145e-01 6.04836266e-01 9.55439513e-01 1.03796203e-01
  7.19480228e-01 6.05652086e-01 1.25332107e-01 9.97236348e-01
  5.53791510e-01 5.41141341e-01 3.97271880e-01 4.83215692e-01]
 [2.23428301e-01 9.78737036e-01 7.48488519e-01 8.03640043e-01
  3.81867557e-01 2.17433994e-01 3.75871469e-01 4.72806051e-01
  5.60758034e-01 5.35619473e-02 2.58865596e-01 6.08607749e-01
  2.13936355e-01 9.95892860e-01 4.19687569e-01 4.63946554e-01
  1.99591268e-01 1.65948485e-01 4.57563136e-01 2.83346469e-01]
 [2.25713403e-02 8.77288346e-01 7.35876308e-01 8.65057244e-01
  9.98451116e-01 2.70500740e-01 1.09135981e-03 9.16108859e-01
  5.59286132e-01 4.63961027e-01 1.79652668e-01 4.73770957e-02
  2.24186409e-01 3.92809160e-01 9.06055905e-01 6.00514261e-01
  5.69841036e-01 8.03649903e-02 6.96733289e-01 1.50348783e-01]
 [2.50103463e-01 6.11400380e-01 8.53805757e-01 5.28477023e-02
  3.26910857e-01 6.56907757e-02 1.55633452e-01 5.77838660e-02
  8.88699442e-01 4.92005423e-01 2.03531319e-01 6.20912342e-01
  6.44645649e-01 5.26961113e-01 1.01290282e-01 7.87408096e-01
  3.76633927e-01 7.03876521e-01 7.10126687e-01 8.59084571e-01]
 [5.41421867e-01 5.71679748e-01 2.04219693e-01 3.94525718e-01
  1.48760609e-02 2.68262105e-01 1.34744102e-01 7.69686521e-01
  3.70286824e-01 1.41224551e-01 6.36880231e-01 3.28431265e-01
  6.77118630e-01 1.86945027e-01 5.12192160e-01 2.06370307e-01
  3.53896861e-01 5.01574314e-01 8.29594271e-01 8.38721260e-01]
 [2.72394364e-01 8.61004729e-01 4.75049974e-01 9.39177343e-01
  5.10087904e-01 6.30324838e-01 9.60261694e-01 6.81710434e-01
  4.93372387e-01 2.18637825e-01 9.83219539e-01 1.41256318e-01
  8.70224303e-01 3.29646547e-01 4.80545317e-01 4.77436930e-01
  9.19764605e-01 8.37605876e-02 4.61350986e-02 3.86912903e-01]
 [9.14394911e-01 3.70693450e-01 5.95882308e-01 6.81673237e-01
  4.56846146e-01 7.43443153e-01 5.67586051e-01 2.02611520e-01
  1.10204665e-01 9.68358620e-01 6.87223996e-01 7.23979487e-01
  1.31209594e-01 3.99827115e-01 1.35191756e-01 3.08079228e-01
  9.58172659e-01 3.86406576e-01 8.71133845e-01 8.70502304e-01]
 [6.00872600e-01 2.81778591e-01 9.07209394e-01 5.41467431e-03
  8.83366831e-01 7.56345587e-01 6.67874376e-01 6.39289260e-01
  1.18896046e-01 9.65657368e-01 9.73312870e-01 4.98769703e-01
  6.32481830e-01 6.26200126e-01 3.84654033e-01 3.25457169e-01
  1.79743667e-01 2.04589980e-01 7.35488848e-01 2.60332757e-01]
 [2.80575231e-01 4.76759999e-03 3.99295420e-01 2.54544925e-01
  8.38409624e-01 2.03758923e-01 8.52065229e-01 9.74240950e-01
  7.01800672e-02 6.92800143e-01 5.84361967e-01 7.36876061e-02
  5.46130689e-01 7.45566805e-01 8.95778797e-01 6.04549608e-01
  1.26876074e-01 2.21009011e-01 5.71646907e-01 5.67189894e-01]
 [6.31260031e-01 1.38749188e-01 2.06650089e-01 8.87557184e-01
  8.88259301e-01 3.57313155e-01 3.63015261e-01 4.29350560e-01
  6.43324366e-02 9.18810463e-01 8.44136897e-02 3.80142135e-01
  5.52989874e-01 3.76608293e-01 4.04662692e-01 4.57770406e-01
  6.47016531e-01 5.11548709e-01 4.20563536e-01 1.78718098e-01]
 [4.29008123e-01 3.90841576e-01 7.66226593e-01 1.92156673e-01
  2.59213849e-01 5.66592016e-01 2.90511846e-01 7.00501577e-01
  6.75478518e-01 9.77938269e-01 5.41910346e-01 2.51117211e-01
  8.19027500e-01 3.21724848e-04 9.06576032e-01 4.56392880e-01
  1.27509916e-01 2.10565376e-01 3.39905568e-01 2.26566696e-01]]
Вторая матрица:
[[0.18014521 0.49967285 0.99381315 0.89080824 0.92126346 0.60407799
  0.11644754 0.422738   0.33037296 0.32697208 0.15380259 0.7005069
  0.39016122 0.62014854 0.03224898 0.67070526 0.0028994  0.18576112
  0.1996416  0.91311461 0.16775156 0.53838011 0.67801744 0.48144382
  0.48235597 0.11224359 0.96897725 0.4884857  0.21431461 0.47366019
  0.55515253 0.36253958 0.57283753 0.28264799 0.90844137 0.38762682
  0.87698489 0.99707666 0.30506074 0.86780503]
 [0.2491223  0.28217158 0.83565318 0.5871102  0.65802169 0.96823953
  0.79289851 0.20316213 0.22781453 0.15933461 0.92801209 0.01205281
  0.00578941 0.82374592 0.68473247 0.48088021 0.87794445 0.70142548
  0.18842531 0.01162767 0.42992389 0.29661917 0.02916802 0.37868702
  0.75250566 0.88475639 0.95349001 0.78256524 0.33313224 0.51001817
  0.61311905 0.85422942 0.53345941 0.87788282 0.28304511 0.40033576
  0.08593239 0.38521505 0.07815545 0.21771593]
 [0.66336846 0.89931101 0.2987218  0.88587176 0.98798948 0.03780138
  0.90064285 0.508551   0.80044987 0.82881931 0.47464807 0.82291238
  0.33503007 0.85017437 0.70940314 0.20178178 0.0062404  0.32401413
  0.77519906 0.70730506 0.70229345 0.20774019 0.20394065 0.8441756
  0.16599766 0.70201385 0.49726952 0.34464599 0.8020843  0.04765831
  0.33925312 0.97827589 0.30473771 0.37648337 0.84599598 0.24632171
  0.80614894 0.90861117 0.47136863 0.34766299]
 [0.86787508 0.4401434  0.09174107 0.97195886 0.71051327 0.77617418
  0.74722619 0.25889577 0.95590584 0.49714927 0.37667192 0.5271721
  0.99919969 0.87370834 0.47495131 0.2040341  0.27831122 0.51800635
  0.11134336 0.11707482 0.73514485 0.29904359 0.881022   0.29902734
  0.77512457 0.08283458 0.33104361 0.8500426  0.9003896  0.34363658
  0.09579644 0.60660917 0.6924801  0.00302722 0.32330268 0.81913118
  0.05159151 0.94962094 0.77764663 0.91867631]
 [0.08334496 0.98715512 0.67583057 0.82343434 0.02998821 0.66356125
  0.834459   0.11722745 0.5593409  0.51547986 0.64153937 0.5213097
  0.59764389 0.65919773 0.4338931  0.00413115 0.95552908 0.82083715
  0.95340792 0.81055938 0.82499753 0.80395525 0.38967141 0.21693042
  0.9059581  0.28899084 0.22139266 0.69986741 0.86835397 0.2986317
  0.05789743 0.56130026 0.14886523 0.91393996 0.59144142 0.29687304
  0.21533239 0.53224375 0.7228651  0.24230493]
 [0.30856586 0.48140182 0.25390027 0.22349115 0.53503666 0.1655923
  0.38169981 0.56355383 0.51379497 0.30256814 0.99718642 0.10985381
  0.66492923 0.51408645 0.34679857 0.5002249  0.005042   0.71541676
  0.49370194 0.81163929 0.15879811 0.75751062 0.42290987 0.38219919
  0.90827197 0.67497137 0.8985093  0.34341381 0.5304106  0.99371349
  0.28478586 0.58376769 0.4194173  0.22334548 0.79202369 0.4933372
  0.05871135 0.89101433 0.64252087 0.18497414]
 [0.96952767 0.39190928 0.62466664 0.97540496 0.03047237 0.11678784
  0.61063468 0.06730003 0.76744891 0.81611104 0.586731   0.74625936
  0.47443459 0.63120241 0.83179961 0.70574207 0.05456255 0.80482273
  0.48089214 0.66760214 0.56424269 0.05190086 0.65171581 0.17187641
  0.65829805 0.44886039 0.92126458 0.38068774 0.32901202 0.09308589
  0.31509731 0.88952567 0.45171433 0.48030885 0.08170222 0.09111312
  0.49986322 0.08998103 0.72920533 0.28608987]
 [0.03824078 0.63740019 0.9671625  0.10823773 0.63543657 0.14265198
  0.27334163 0.07082331 0.96554595 0.07123525 0.18357287 0.18121332
  0.94385932 0.78816259 0.80531271 0.21995163 0.32134334 0.60689688
  0.07883338 0.00419154 0.67095443 0.94688887 0.86145077 0.57385099
  0.72357551 0.88206346 0.25235506 0.54508461 0.74697806 0.98836377
  0.25125772 0.80522402 0.79355384 0.86332968 0.68825816 0.83506165
  0.31319462 0.51238656 0.18275773 0.29411531]
 [0.79563954 0.7593087  0.84465224 0.61643402 0.30991907 0.20365463
  0.5607104  0.87040647 0.57048313 0.27272528 0.18167996 0.57674639
  0.96765625 0.78928675 0.23084091 0.43894969 0.53799977 0.64340262
  0.65766694 0.12902463 0.72493314 0.72117959 0.99170161 0.97305354
  0.46005535 0.14824955 0.67505155 0.67866699 0.54525966 0.92593898
  0.67845507 0.99579277 0.32302725 0.7138183  0.25508726 0.72821618
  0.75211194 0.55798858 0.06962207 0.55877678]
 [0.01941669 0.01133395 0.72076894 0.37560321 0.32757886 0.78767249
  0.42207376 0.02816112 0.06390293 0.05618281 0.07120582 0.04029494
  0.19729661 0.84615033 0.54242628 0.69294142 0.69406481 0.87288589
  0.70803013 0.38406223 0.76230241 0.93839326 0.55399724 0.04522911
  0.95997682 0.8596105  0.95806166 0.29182391 0.32484709 0.75334412
  0.1791121  0.7413952  0.64811321 0.96086174 0.76871975 0.68492977
  0.70655606 0.38866273 0.60363242 0.21340718]
 [0.64948928 0.27323206 0.880731   0.3929863  0.46619095 0.96224344
  0.61603552 0.78591797 0.31391683 0.878582   0.93950524 0.89734627
  0.57861404 0.82645943 0.48946483 0.33641344 0.37991075 0.0514212
  0.57784215 0.99284017 0.62172591 0.3900918  0.75171279 0.77759749
  0.09807185 0.36429932 0.7242766  0.95197681 0.77985941 0.57772822
  0.27170275 0.81028857 0.8310041  0.86525572 0.57993973 0.00138408
  0.35129661 0.91962103 0.93690324 0.58527627]
 [0.54255812 0.26302678 0.08157584 0.31654374 0.26999319 0.58796766
  0.1327986  0.90989096 0.20822041 0.86650672 0.07004329 0.27634841
  0.72196442 0.54764799 0.30192239 0.57032769 0.72286402 0.53538631
  0.05547277 0.82819155 0.90075108 0.68615239 0.06536287 0.84055204
  0.37208906 0.91579996 0.27646656 0.22579834 0.49170857 0.6499063
  0.71650932 0.94119094 0.23819889 0.8125291  0.38099318 0.66875426
  0.95133947 0.77095116 0.14863462 0.7649403 ]
 [0.12629844 0.12910199 0.04622933 0.32227525 0.54369625 0.81430344
  0.4676111  0.02920973 0.78856663 0.17955044 0.16265897 0.17585926
  0.32793505 0.85895018 0.51670764 0.45355883 0.61380482 0.28282619
  0.17386919 0.28848762 0.35260934 0.79055364 0.19093122 0.96421672
  0.90751599 0.5938458  0.71174557 0.68780788 0.20326958 0.29099254
  0.2044076  0.85248308 0.44386781 0.85331481 0.58226805 0.08103865
  0.98142498 0.1750617  0.79921897 0.2651584 ]
 [0.98454986 0.7427832  0.63165025 0.4974155  0.26575073 0.30627085
  0.50914093 0.66436227 0.59777668 0.1279005  0.23919726 0.78104583
  0.87496813 0.5783063  0.19086274 0.86723036 0.05243845 0.16568979
  0.45570327 0.02128509 0.58959531 0.22928081 0.43362515 0.72008456
  0.56129105 0.29455694 0.50883347 0.40909732 0.34864434 0.02973956
  0.51134517 0.84521068 0.57976306 0.93521323 0.75091095 0.96838887
  0.5768577  0.38686359 0.25730991 0.12879612]
 [0.48155331 0.79352232 0.95806148 0.67056557 0.45961077 0.25947953
  0.47092455 0.29427771 0.24033859 0.28598377 0.272016   0.25693525
  0.77012547 0.84739454 0.51781382 0.62974436 0.86553397 0.86899524
  0.82414343 0.95530123 0.4978164  0.08518903 0.04352541 0.1810825
  0.31238351 0.48776268 0.0703876  0.11104795 0.8276215  0.63077215
  0.58442171 0.14322511 0.44505443 0.95226026 0.95050687 0.56091184
  0.15276374 0.77601177 0.35464525 0.92593427]
 [0.98914564 0.58620084 0.23258915 0.59947419 0.01224228 0.937984
  0.78723776 0.74415779 0.10086591 0.60379488 0.17367842 0.73906109
  0.5521487  0.23340912 0.19589805 0.17711286 0.3963999  0.08199431
  0.49219297 0.50787867 0.74092792 0.42470862 0.46176695 0.04362747
  0.21980762 0.26156581 0.64133683 0.72032945 0.28793636 0.59988833
  0.43535007 0.38961562 0.90228043 0.60676227 0.81762959 0.22906511
  0.27667221 0.43773458 0.70229865 0.24046306]
 [0.23150194 0.73124365 0.76178927 0.75727637 0.63103828 0.68887881
  0.43825567 0.68424456 0.41802086 0.57231107 0.10700458 0.40283341
  0.18273084 0.7256195  0.48598461 0.39754743 0.25158479 0.95753697
  0.61911537 0.42195842 0.17029116 0.04375277 0.2315263  0.51974431
  0.7580936  0.66909857 0.38217175 0.44845265 0.14889383 0.34127478
  0.17912211 0.43719415 0.60104854 0.94325103 0.52970372 0.68217131
  0.20112786 0.60408866 0.96511389 0.25228452]
 [0.66419489 0.35039957 0.41396278 0.40248347 0.98104247 0.92634301
  0.97476154 0.39805157 0.69980241 0.53960339 0.05446188 0.97306417
  0.60328463 0.68497521 0.48542446 0.15631111 0.12965648 0.35060139
  0.52636931 0.74141004 0.77293701 0.0947157  0.18744609 0.47438009
  0.28195839 0.22582554 0.76185715 0.79324589 0.5065952  0.93914543
  0.80395142 0.20725965 0.24722137 0.72662598 0.70891104 0.73966989
  0.2493033  0.05303747 0.13419614 0.24144722]
 [0.13356802 0.29401803 0.28783641 0.84069888 0.25520728 0.30600556
  0.58896877 0.24262638 0.80273534 0.96845347 0.09178474 0.67103384
  0.8283158  0.80189955 0.59366111 0.62800178 0.66132356 0.44176743
  0.22232588 0.06189729 0.94038618 0.2582715  0.8197412  0.62771353
  0.83793541 0.48762599 0.8248472  0.28034584 0.88072339 0.23032225
  0.3029732  0.61373936 0.03660254 0.23974915 0.52494805 0.11852794
  0.59258211 0.36957347 0.5030943  0.51986551]
 [0.12567807 0.97314247 0.62956171 0.01026823 0.09300792 0.5046202
  0.72006205 0.85022025 0.27351466 0.33019943 0.29090239 0.35864144
  0.63580773 0.65016007 0.28049974 0.92297197 0.97347345 0.35737299
  0.75564574 0.60155272 0.38409432 0.05580469 0.96092157 0.99930641
  0.45949041 0.05695865 0.33738444 0.59225864 0.16194081 0.00112852
  0.61440298 0.44794748 0.79604207 0.93566437 0.56028339 0.25866195
  0.70461577 0.66745141 0.28106484 0.97652051]]
Время выполнения:
0:00:00.014882

